00000010
11011000
01000000
00100000
00000010
11110001
01001000
00100010
00000001
11101110
01010000
00100100
00000001
10001101
10000000
00100111
00000001
01101101
11000000
00100101
00000010
10010110
01000000
00101010
00100010
00110001
00000000
00000001
11111110
00110001
00000000
00000001
00110010
01010010
11111111
11111111
00110111
00111001
10101010
10101010
00101010
10010100
01111111
11111111
10100000
00001100
00000000
00101100
10100100
00001110
00000000
00101110
10101111
11001011
00000000
00000110
00111100
00010100
01111111
11111111
10000000
00010011
00000000
00101100
10000100
00010101
00000000
00101110
10001111
11010110
00000000
00000110
00010010
01010010
00000000
00000010
00000000
00000000
00000000
00000000
00000000
00000000
00000000
00000000
00010110
01011001
00000000
00000010
00000000
00000000
00000000
00000000
00000000
00000000
00000000
00000000
00000110
10111111
00000000
00000010
00000000
00000000
00000000
00000000
00000000
00000000
00000000
00000000
00100010
00110001
00000000
00000001
00001000
00000000
00000000
00011111
00000000
00000000
00000000
00000000
00000000
00000000
00000000
00000000
00001100
00000000
00000000
00100001
00000001
01101101
11000000
00100101
11111011
11100000
00000000
00000000
00000000
00000000
00000000
00000000
00000000
00000000
00000000
00000000
00000000
00000000
00000000
00000000
00000000
00000000
00000000
00000000
00000000
00000000
00000000
00000000
00000000
00000000
00000000
00000000
00000000
00000000
00000000
00000000
00000000
00000000
00000000
00000000
00000000
00000000
00000000
00000000
00000000
00000000
00000000
00000000
00000000
00000000
00000000
00000000
00000000
00000000
00000000
00000000
00000000
00000000
00000000
00000000
00000000
00000000
00000000
00000000
00000000
00000000
00000000
00000000
00000000
00000000
00000000
00000000
00000000
00000000
00000000
00000000
00000000
00000000
00000000
00000000
00000000
00000000
00000000
00000000
00000000
00000000
00000000
00000000
00000000
00000000
00000000
00000000
00000000
00000000
00000000
00000000
00000000
00000000
00000000
00000000
00000000
00000000
00000000
00000000
00000000
00000000
00000000
00000000
00000000
00000000
00000000
00000000
00000000
00000000
00000000
00000000
00000000
00000000
00000000
00000000
00000000
00000000
00000000
00000000
00000000
00000000
00000000
00000000
