00000000000000000000000000000000
00000000000000000000000000000000
00000000000000000000000000000000
00000000000000000000000000000000
00000000000000000000000000000000
00000000000000000000000000000000
00000000000000000000000000000000
00000000000000000000000000000000
00000000000000000000000000000001
00000000000000000000000000000010
00000000000000000000000000000011
00000000000000011111111111111111
10101010101010101010101010101010
11111111111111111111111111111111
01110110111100101101011000101001
10001001000011010010100111010110
00000000000000000000000000001001
00000000000000000000000000001010
00000000000000000000000000001011
00000000000000000000000000001100
00000000000000000000000000001101
00000000000000000000000000001110
00000000000000000000000000001111
11111111111111111111111111111111
00000000000000000000000000010001
00000000000000000000000000010010
00000000000000000000000000000000
00000000000000000000000000000000
00000000000000000000000000000000
00000000000000000000000000000000
00000000000000000000000000000000
00000000000000000000000000000000
